1111101010101111111110100111111011111010000000101111100111111111111110110101101111111100001110011111101110100100000000001100010100000000101000111111111111010011111111001011010011111000000000101111010010001000111100111101011111110001010000111111001101000010
1110000000000001111100001001110111110000101000011110000000000001111100100001001111110101100110011111100000001101111110010001001111111011001111001111110101001011111110101111000011111000100010011111101010011001111110010110110111111000110001011111100011101010
1111101101000111111110110011111011111011010111011111110001000100111111000101000111111100000110011111101010010101111111001011000111111101001110010000000010011010000000010000011100000001111111100000010000011110000000101001010011111110111111011111111010110010
1111101110000100111110110011101111111011010110101111101101100111111110110001101011111011101100101111101010001101111110110111010011111010001001011111101000010000111110111010111111111010110011011111101100111110111110100011000111111010101000001111101110010110
1111101000000010111110101010011111111010000000101111101000111010111110111100110011111111100010110000000010111111000000011111111011111110111011001111111101011000111111000101011011111101010110011111111001101110111111111011100100000010011101100000000010101111
1111110000010011111110111001100111111011110001011111110010001010111111001111011111111101100101101111110001001101111110111100011011111011011110011111110100110001111111011101111011111111000000100000000101010111111111101011110111111110111100001111110111011111
1111110000010101111110111001101011111011101011111111110001111011111111000101010111111100110011011111101110011001111111000100100011111011110101011111111010011011000000010000001100000000011101011111111010000001000000000010011000000011111010110000010101001001
1111101111010000111110110111110011111011101011111111110001100010111111000000100111111100111111101111101100110110111111000000101011111001101000101111100101000100111110011011010011111100101000100000000010010011000001001000001100000011110000100000001110111101
1111101111101110111110110100100011111011110000111111110000111000111111000000100111111101100011111111110101110000111111001101010111111011110011001111111100100000000000001000100011111111001110100000000110000100000000010100011111111101111000000000000000000110
1111101111101011111110111001100111111011101010111111110001011010111111000010100011111100101100101111110011011001111111011010011111111101011010101111100111101011111101100100100011110111010011001111011101110111111110111001000011111101011000101111101110001000
1111110000010101111110111001101011111011101011111111110001111011111111000110011011111100110011011111101111000011111111001000011111111011110100001111110001010011111111000011001111111011011001001111111000111111000001001011001000000110001001100000000010100111
1111110000010101111110111001101011111011101011101111110001111011111111000100000111111100110010101111101110010111111111001010111111111011111000001111110110010110111111101000101011111101111011111111101100010001111111000111111111111011111011100000000101100101
1111110000010101111110111001101011111011101011111111110001111011111111000110011011111100110011011111101111001000111111000110101111111011110110001111110010010110111111010010101011111011111101101111110101111111000001001111010100001010101011110000011011100100
1111101111111111111110110101110111111011011111111111110000110011111111000001001011111100011000111111101101000101111111001000110011111011111101001111111001010001000000000110100000000000011100101111111011001010111111000110110111111101110010001111110110101010
1111101101101101111110101110011011111011001101011111101111010100111111010001111100000010011011010000011100101011000011100101110000011111111111110001111111111111000111111111111100011111111111110001111111111111000111111111111100011111111111110000110000010100
1111101011101101111110110011100011111010110010101111101110010100111110110000101111111011111010111111101011000000111110100001001111111001000110001111100010010001111101111111001011111001100111111111101111110101111110111100101111111101010110001111111001011001
